801981393
538551460
247299054
086886024
504123790
619074900
649860012
288058533
034512668
261805212
274030781
057708338
512080842
883365612
217757989
452907903
633567277
919644427
674717174
633281289
008997142
305080802
498016858
768724129
584081104
381047849
730975527
478191694
081000432
356111811
925216908
058943138
216118256
280486509
520400005
752997332
556627332
447645854
346767328
524161715
942203550
729124549
563539793
235003328
685183848
541274495
411769455
385052335
932057513
921721302
692150882
822258792
763477174
010091187
098318272
496900590
040534602
478574923
502804919
123075941
888099371
171668318
207058100
678400856
336588302
215087642
841590080
231594332
362965606
464760655
896280569
185921422
572877098
150555458
691077738
279872591
741541008
263013529
083540280
042806608
969278392
345923192
546134180
159279128
663960928
102958116
295465963
206027069
182168237
023499414
712462730
078052408
944840934
223691387
636062342
770535231
522066449
885138936
898415024
470096206
699684413
180175122
022086728
467296857
025440732
506229459
249381693
612921715
319013447
818445679
755359581
777521072
395034643
459998310
153797547
542176179
625534137
047778971
014439927
233630186
919621678
635563011
049426095
339466191
752297924
818228161
241080487
349185711
514493115
920542506
757806141
856402070
364598503
613444073
343122193
789103270
323836463
078837322
133838396
157731469
853576421
682544247
887013620
363722557
268139832
934941657
683017764
484842623
069893840
093886162
145001094
474287477
870699008
664784838
550474526
064121401
130749027
682620536
714998932
207212570
265148972
900195981
098428599
398470940
060639538
898957509
412922568
781590568
116876116
364694276
218339716
546696814
913940574
856708457
380053764
237077430
748549390
685703537
071326359
817356266
135210397
756237862
279291870
420606952
775541411
283518664
985703060
699813664
062969546
279000792
658354242
641215926
363838389
926625825
892582495
953380439
584115647
488542679
303083018
369182321
522019088
901427194
367966506
705199563
875546445
598304278
560346901
013990551
284731074
313397096
315572010
445045489
611294176
897642665
072002172
508911109
620904110
677821646
622929528
777120872
913254448
713108902
718621021
837875323
706340032
577123789
182858425
987314748
964125960
426673323
652961782
260006711
382620518
702144037
295337177
233783201
388271355
574092305
545060506
177237133
723171761
971712509
415082590
749572449
963428780
213308752
029921749
466195723
854623652
383671386
332476328
906294000
865613150
525962144
455927871
808910185
182806173
530091182
998859529
298422655
415445852
573032152
049864590
858057749
660435313
055565298
062424971
909150138
602305487
838218970
120639753
046811805
132761139
445692394
053949111
941541938
298026312
969048571
874446542
493031279
547202039
716662701
132691095
580454574
094196995
746667780
394393559
856658372
246216165
486426991
050977027
858180172
575232775
246637850
761791279
150139609
921847918
557024839
089137136
907863481
150883781
120771610
863890234
016404681
263031632
285664523
773532860
419920755
472013033
514385932
510883872
213757600
655644639
505828249
751220615
698783150
440341057
469410015
763860754
913767531
661171738
205766597
662933972
115878496
787241942
262459580
471579028
886123287
683901114
903809500
019694019
741001471
879911434
966583059
342147498
426430429
852772465
116286413
317422941
808532470
973134919
974472803
384645338
731830231
975543117
837219425
202535533
069404525
495417234
063008129
709798551
452437903
793164084
175369604
246691743
945117182
457837637
748011737
229162738
000572051
814085493
887409572
736019640
568203531
494691913
769882400
333846165
689061578
163680751
324790186
846010683
324054643
151987073
955328282
940632611
686698934
821121257
931103739
140335378
950022515
059924047
402174503
390706052
620892984
194010949
567256114
947837385
704541830
719891315
397030314
968592790
104760728
887123674
316850889
994446976
085725346
238453162
816441806
237138318
205660717
503373260
513473953
905723772
170627048
216997444
385743907
300450830
837835801
234736992
559992808
123995925
526733896
607676359
279140221
940648003
411910989
496703519
115126655
374192582
927435798
822045013
629304333
969170262
766650436
356197394
741249955
436930967
835136182
960881304
854907264
448245771
004679451
693965421
934674659
446649254
546450093
496450730
220079004
403895540
808267040
266805283
110001584
469804838
159898506
273034388
441858893
497084367
607983453
376202885
582535986
589021825
123326506
442249223
309702518
383615703
874068926
544303689
139073335
814429653
475747488
948812939
465314646
876954495
379829726
111747036
119316473
832768474
673001698
832490965
394197910
915460258
276624515
711231114
565925540
660630514
712043428
159499495
809271755
493616047
914338499
244165587
828947513
458933297
378345317
265885438
324919265
562430226
384262902
551058956
572580327
002146403
357377394
405649349
928148051
859454100
801490635
233047088
089975111
048151470
153717915
609090418
824082667
775492487
982004973
667075727
312397310
412095390
876323682
649072002
671572273
714569430
735031933
645457287
900091153
231581900
119865425
006381349
498609177
113944288
786827770
556886245
448505572
121942742
259910637
392051507
558082863
870975164
783083062
706471439
859139878
478996340
069524384
761120285
339898132
305248081
420082918
053455026
476928322
711269589
953488127
912823873
686106543
735190898
879486682
858010896
267114469
711920105
505558195
696566150
739588674
795109286
734437909
976030821
261323699
596831668
160584845
702139925
515581849
589953466
108992863
441422144
629012327
169852243
789932123
192575932
645045045
973911646
305559155
594843072
811498981
066410399
529453026
787339587
160456159
874003895
870779701
713314672
242456058
401899739
124937037
846162756
365416968
086516911
966882763
064030592
744558430
093493561
499796586
743066462
144663235
717942991
537873175
886974854
602276725
512065982
283811545
516254300
945258774
686910749
212965850
293202821
406360950
910715122
885067168
673178275
265656259
947098321
815574661
387319802
726051966
447270172
459683866
113682109
465016429
262830105
076005175
542495416
202969478
725901531
448017501
551551484
474115060
562492692
450179836
093555989
528537222
642478170
185062861
648390176
590192349
354525400
768055897
555545307
188933889
831734215
439801806
454701845
201449741
293704488
798374331
797460108
277918898
112476783
017014495
697393061
258259124
424191065
421958425
339446619
436060806
741316128
313284821
219357243
238893248
661414365
819087760
843868257
460535285
791511179
144641052
623178087
762035459
167184485
797127451
371526566
679214274
904138558
924748219
633282212
823028298
621303329
341045674
909264989
927527198
650557391
273632585
361638276
545478196
752786774
835296863
104346156
220519745
845616241
212329369
848876220
041240578
548698654
316652058
527519522
012646455
595933547
994166558
409938561
149063435
175196243
035424648
110734413
315349330
645487928
018178787
354120565
499442845
788676211
516418319
814757476
400270454
404019830
291830043
588335856
387781780
457449483
298390060
707748510
956214315
040294895
402658342
916419216
954855115
948251230
330285987
130515620
587486499
397228696
620635757
227094750
627136769
931107111
760201553
752330954
615132743
162898172
046288945
899990267
734607986
481176297
604903310
431843532
329197921
397571891
448605765
637220746
256868610
728316201
139737742
555196970
297543486
286418048
453724245
108768540
772537900
119005430
155879297
367098099
315201941
887663166
766634065
102214148
168040454
289323569
187620706
469163341
643818276
539499087
973203111
224883607
411160537
398399792
973140522
475038017
435391583
970814808
587221295
557283223
499645464
693065239
873647008
859170296
257490953
065438786
929551262
340718721
477382866
651433013
979793053
496127312
007018874
679190845
584788325
846944819
714542230
502689162
263803078
039874352
209951185
979442423
993402469
717369521
755113089
914854133
144036433
899143693
313277524
978686226
673376955
801723091
531784134
598596072
867452633
622136701
014016157
907463768
844723193
102601667
359772305
846901983
991780474
992385261
559706033
477075799
217864733
731969691
813611466
126195703
760495786
932702420
707011729
547346942
347332038
520203040
699662768
156277486
104057207
342636818
921402352
030407569
027441197
498696638
978056056
178069961
964343176
408422800
811738210
962651623
832928661
807078461
657965967
161201410
680102046
363049200
987661947
001017208
157663487
278037289
696989400
412066740
085532227
187081820
218190440
740674533
094711361
984437190
251264034
347249592
922473931
857738669
803406561
502086375
181199314
329364735
819460786
493083835
014329204
381636072
512732621
809441931
920231479
850959841
293267041
953417323
274736453
545810318
867244895
984282837
532541091
698645560
998613998
826019916
645647416
509335611
944875341
840359375
280506198
237381522
083358599
979905984
157158766
464488617
040177692
975189990
003671899
155879591
980002095
350737310
543588412
494578112
986688002
776027414
765304666
887547468
491835260
234572384
893814778
264773115
465938080
548901042
117192295
266981196
814708500
223828371
859124670
977386643
856438957
671863701
384489392
979101409
212577636
776947680
298277472
532826636
652283164
455742861
810782149
318077049
949745424
118856861
565808222
516507584
440694424
037962979
711957556
222586583
060715250
758099947
017500351
710302956
946544596
015733083
771443441
534457556
862713689
890177568
649780116
816349319
116065319
026285255
299440633
308138393
966247917
564487002
282000475
209740321
477749942
232478030
235264303
036092398
423790234
575737728
315027690
347081218
983092818
600684709
826286770
776745521
511870813
636538087
916671393
098339009
654363350
674186434
032556813
196844553
005504239
763819914
670112945
762105594
805962744
994432828
202011730
923460168
819416226
257669828
550259666
876207421
755962502
502217235
744836640
828237218
522835643
981407952
286512722
