992613773
154925074
826401790
582341775
547878228
111976805
214225177
412024566
201516295
570518038
745312888
359065370
909102942
449864295
161562666
994970613
773120286
929501273
326602137
347392968
390309022
690561477
389984228
831197738
177496628
290260617
051628748
318414373
982159818
979999194
693476871
786613723
013095026
598997520
182975901
656162504
306160062
825366986
230256017
382268816
645729708
513318732
753100179
938898188
363157267
576360635
920123641
900516636
474089010
592607522
232740620
549341876
935595123
713061479
646990078
302052296
764940844
995204051
404845146
257617611
060348056
895810802
429864747
221517099
877041165
958699163
345970343
310105421
266888393
505400160
688810550
947753298
699245255
944333319
701663259
876990288
937461296
451086039
468040470
601135992
370136974
151112111
844325361
389552295
747258574
144134995
851018599
300033545
952007441
880923603
891221659
310956009
420521839
972638405
321920759
749918904
083453985
531583079
061857022
404458102
